[1] 1
[1] 0.7406747
[1] 2
[1] 0.7448383
[1] 3
[1] 0.7332929
[1] 4
[1] 0.7315014
[1] 6
[1] 0.7452064
[1] 7
[1] 0.726074
[1] 8
[1] 0.7355838
[1] 9
[1] 0.7380768
[1] 10
[1] 0.7256874
[1] 11
[1] 0.7336352
[1] 12
[1] 0.7259992
[1] 13
[1] 0.7364538
[1] 15
[1] 0.7378405
[1] 16
[1] 0.7308568
[1] 17
[1] 0.7193153
[1] 18
[1] 0.7321393
[1] 19
[1] 0.7219405
[1] 20
[1] 0.7331757
[1] 21
[1] 0.7384746
[1] 22
[1] 0.7263712
[1] 23
[1] 0.7206603
[1] 24
[1] 0.7269789
[1] 25
[1] 0.7310673
[1] 26
[1] 0.7569078
[1] 28
[1] 0.7425179
[1] 29
[1] 0.7047775
[1] 30
[1] 0.7331415
[1] 31
[1] 0.7279212
[1] 32
[1] 0.7124155
[1] 33
[1] 0.739908
[1] 34
[1] 0.7250463
[1] 35
[1] 0.7263973
[1] 36
[1] 0.7359737
[1] 37
[1] 0.7383633
[1] 38
[1] 0.7259783
[1] 39
[1] 0.7175049
[1] 40
[1] 0.7378908
[1] 41
[1] 0.7243581
[1] 42
[1] 0.7242248
[1] 43
[1] 0.7288861
[1] 44
[1] 0.7227004
[1] 45
[1] 0.7313046
[1] 46
[1] 0.7388567
[1] 47
[1] 0.7246232
[1] 48
[1] 0.7297656
[1] 49
[1] 0.7334014
[1] 50
[1] 0.7387905
[1] 51
[1] 0.7125026
[1] 52
[1] 0.7455701
[1] 53
[1] 0.7342106
[1] 54
[1] 0.7428934
[1] 55
[1] 0.7184526
[1] 56
[1] 0.7440852
[1] 57
[1] 0.7314309
[1] 58
[1] 0.7364014
[1] 59
[1] 0.7280389
[1] 60
[1] 0.7281302
[1] 61
[1] 0.7215783
[1] 62
[1] 0.7286358
[1] 63
[1] 0.7268518
[1] 64
[1] 0.7440772
[1] 65
[1] 0.7328703
[1] 66
[1] 0.7352091
[1] 67
[1] 0.7462778
[1] 68
[1] 0.7116022
[1] 69
[1] 0.7284639
[1] 70
[1] 0.7283045
[1] 71
[1] 0.7193785
[1] 72
[1] 0.7374133
[1] 73
[1] 0.7390751
[1] 74
[1] 0.7214963
[1] 75
[1] 0.7229687
[1] 76
[1] 0.7400419
[1] 77
[1] 0.7413219
[1] 78
[1] 0.7329677
[1] 79
[1] 0.7382424
[1] 80
[1] 0.7265968
[1] 81
[1] 0.7385192
[1] 82
[1] 0.7548973
[1] 83
[1] 0.7212428
[1] 84
[1] 0.7114211
[1] 85
[1] 0.7297356
[1] 86
[1] 0.7289438
[1] 87
[1] 0.7147845
[1] 88
[1] 0.71969
[1] 89
[1] 0.7438383
[1] 90
[1] 0.7287482
[1] 91
[1] 0.7403
[1] 92
[1] 0.7461788
[1] 93
[1] 0.7358838
[1] 94
[1] 0.7339739
[1] 95
[1] 0.7391232
[1] 96
[1] 0.7155299
[1] 97
[1] 0.7173045
[1] 98
[1] 0.719279
[1] 99
[1] 0.745576
[1] 100
[1] 0.7313846
[1] 101
[1] 0.7261759
[1] 102
[1] 0.7373501
[1] 103
[1] 0.7432313
[1] 104
[1] 0.7282203
[1] 105
[1] 0.7295296
[1] 106
[1] 0.7220258
[1] 107
[1] 0.7326182
[1] 108
[1] 0.7403073
[1] 109
[1] 0.7437998
[1] 110
[1] 0.7266822
[1] 112
[1] 0.7429382
[1] 114
[1] 0.712648
[1] 115
[1] 0.7171647
[1] 116
[1] 0.7267835
[1] 117
[1] 0.7280571
[1] 118
[1] 0.7250985
[1] 119
[1] 0.7151849
[1] 120
[1] 0.7407937
[1] 121
[1] 0.7339292
[1] 122
[1] 0.7269861
[1] 123
[1] 0.7453624
[1] 124
[1] 0.7317479
[1] 125
[1] 0.725094
[1] 126
[1] 0.7265443
[1] 127
[1] 0.7421268
[1] 128
[1] 0.7329386
[1] 129
[1] 0.7343723
[1] 130
[1] 0.7359746
[1] 131
[1] 0.7269382
[1] 132
[1] 0.7246154
[1] 133
[1] 0.7224918
[1] 134
[1] 0.7188259
[1] 135
[1] 0.7357662
[1] 136
[1] 0.7252076
[1] 137
[1] 0.7356322
[1] 138
[1] 0.731186
[1] 139
[1] 0.7335518
[1] 140
[1] 0.7263799
[1] 141
[1] 0.7274771
[1] 142
[1] 0.7194964
[1] 143
[1] 0.7292943
[1] 144
[1] 0.7431721
[1] 145
[1] 0.7308749
[1] 146
[1] 0.7386952
[1] 147
[1] 0.7124947
[1] 148
[1] 0.7357711
[1] 149
[1] 0.7170116
[1] 150
[1] 0.7333836
[1] 151
[1] 0.7193501
[1] 152
[1] 0.723357
[1] 153
[1] 0.7339371
[1] 154
[1] 0.7235035
[1] 155
[1] 0.7312603
[1] 156
[1] 0.7194998
[1] 157
[1] 0.709511
[1] 158
[1] 0.7390271
[1] 159
[1] 0.73527
[1] 160
[1] 0.739478
[1] 161
[1] 0.7361477
[1] 162
[1] 0.7316439
[1] 163
[1] 0.7332367
[1] 164
[1] 0.7144126
[1] 165
[1] 0.7237776
[1] 166
[1] 0.7264126
[1] 167
[1] 0.7317531
[1] 168
[1] 0.7317971
[1] 169
[1] 0.7384512
[1] 170
[1] 0.7359656
[1] 171
[1] 0.7288067
[1] 172
[1] 0.7360752
[1] 173
[1] 0.7286455
[1] 174
[1] 0.7312465
[1] 175
[1] 0.7333761
[1] 176
[1] 0.7452935
[1] 177
[1] 0.7190937
[1] 178
[1] 0.7437266
[1] 179
[1] 0.7456048
[1] 180
[1] 0.7196567
[1] 181
[1] 0.7320204
[1] 182
[1] 0.7075595
[1] 183
[1] 0.7336382
[1] 184
[1] 0.723887
[1] 185
[1] 0.7365057
[1] 186
[1] 0.7128305
[1] 187
[1] 0.7382079
[1] 188
[1] 0.7402695
[1] 189
[1] 0.733278
[1] 190
[1] 0.7234867
[1] 191
[1] 0.7185965
[1] 192
[1] 0.7381944
[1] 193
[1] 0.7096191
[1] 194
[1] 0.7271523
[1] 195
[1] 0.7316031
[1] 196
[1] 0.7266419
[1] 197
[1] 0.7245901
[1] 198
[1] 0.7236094
[1] 199
[1] 0.7293093
[1] 200
[1] 0.7315765
[1] 201
[1] 0.7241669
[1] 202
[1] 0.732963
[1] 203
[1] 0.7387866
[1] 204
[1] 0.7311021
[1] 206
[1] 0.7051486
[1] 207
[1] 0.7433042
[1] 208
[1] 0.7284242
[1] 209
[1] 0.7316227
[1] 211
[1] 0.7378776
[1] 212
[1] 0.7100027
[1] 213
[1] 0.7178862
[1] 214
[1] 0.7191174
[1] 215
[1] 0.7218039
[1] 216
[1] 0.7343835
[1] 217
[1] 0.7357815
[1] 218
[1] 0.7257084
[1] 219
[1] 0.7294503
[1] 220
[1] 0.7222262
[1] 221
[1] 0.7420054
[1] 222
[1] 0.7337083
[1] 224
[1] 0.7239594
[1] 225
[1] 0.7328508
[1] 228
[1] 0.728984
[1] 229
[1] 0.7316019
[1] 230
[1] 0.7437112
[1] 231
[1] 0.7230904
[1] 232
[1] 0.7287009
[1] 233
[1] 0.7170898
[1] 234
[1] 0.728433
[1] 235
[1] 0.7179014
[1] 237
[1] 0.7217105
[1] 238
[1] 0.7199662
[1] 239
[1] 0.7406803
[1] 240
[1] 0.738789
[1] 241
[1] 0.7172754
[1] 242
[1] 0.7266005
[1] 243
[1] 0.7330915
[1] 244
[1] 0.7329628
[1] 245
[1] 0.7313315
[1] 246
[1] 0.7234671
[1] 250
[1] 0.7289616
[1] 251
[1] 0.7264767
[1] 252
[1] 0.7310285
[1] 253
[1] 0.7228057
[1] 254
[1] 0.7284422
[1] 255
[1] 0.7364524
[1] 257
[1] 0.7125866
[1] 258
[1] 0.7313804
[1] 259
[1] 0.7365318
[1] 260
[1] 0.725363
[1] 261
[1] 0.7342133
[1] 262
[1] 0.7236261
[1] 263
[1] 0.7359068
[1] 264
[1] 0.7246343
[1] 266
[1] 0.7407943
[1] 267
[1] 0.7159551
[1] 268
[1] 0.7528501
[1] 269
[1] 0.7142249
[1] 270
[1] 0.7174178
[1] 271
[1] 0.7244585
[1] 272
[1] 0.7382821
[1] 273
[1] 0.7269531
[1] 274
[1] 0.7364656
[1] 275
[1] 0.7426405
[1] 276
[1] 0.7384411
[1] 277
[1] 0.7279253
[1] 278
[1] 0.7367572